678
45
52
31
126
1205
837
55
53
45
166
1838
906
60
53
50
180
2131
888
45
52
54
136
1109
842
54
54
44
166
1821
899
59
53
49
182
1325
914
54
50
54
163
1517
1147
61
55
75
195
1665
1063
55
54
68
181
1372
1156
59
63
72
193
1938
892
57
51
51
162
1669
369
26
23
19
75
443
474
33
23
27
102
865
183
28
0
7
79
70
491
39
38
18
60
1635
518
39
45
18
60
2174
786
58
42
40
123
2085
444
9
23
30
50
1144
548
37
49
23
83
465
448
37
49
12
76
382
490
37
57
12
78
1089
705
49
56
33
114
1265
681
47
61
28
114
1315
652
45
45
31
85
942
585
45
45
24
82
870
402
18
70
7.5
0
1046
443
14
49
22
19
867
747
40
49
43
110
476
453
24
24
30
80
1500
348
44
25
9.5
72
674
391
8
18
33
25
1478
423
12
22
35
187
1266
139
9
15
7
15
362
568
10
14
54
34
452
514
15
25
42
37
1208
183
28
0
7
79
70
175
38
0
1.5
73
60
150
0
6
15
15
315
260
1
3
28
5
570
20
0
5
0
0
440
120
1
3
12
7
360
270
0
3
29
0
610
225
0
0
19
15
120
180
0
7
16
0
480
136
0
4
14
0
71
569
50
13
35
160
977
371
8
86
0
0
27
203
0
0
23
62
234
61
1
1
6
13
15
63
5
4
4
0
390
114
7
0
9
30
176
4
0
1
0
0
1
819
56
72
34
167
556
960
81
0
71 
270
200
529
79
2
21
230
791
269
36
1
13
106
390
367
57
0
14
157
140
1194
91
19
83
302
1876
597
45
9
41
151
938
1871
101
18
152
399
2118
935
51
9
76
199
1059
1116
81
8
83
280
1569
558
41
4
41
140
784
704
67
8
45
185
1010
352
33
4
22
93
505
1356
58
111
74
253
1892
678
29
55
37
126
946
1217
55
111
60
178
1898
609
27
55
30
89
949
648
48
47
31
127
1559
324
24
23
16
63
780
650
65 
50 
20 
166
902 
325 
33 
25 
10 
83 
451 
356
34
25
15
78
684
570
7
74
28
0
440
481
2
50
24
0
344
798
12
92
45
0
1439
516
9
69
25
0
1095
416
21
15
30
98
1871
173
5.5
25
8
0
614
270
7
47
6
10
757
975
18
115
52
214
420
574
10
68
31
126
247
1048
18
132
66
214
438
655
10
82
41
126
274
1002
18
117
52
214
410
626 
10
68
31
126 
